# sn98de.ubvri.snphot.dat
# photometry from Jha et al. 2006, AJ 131, 527
#
#  HJD         U    +/-      B    +/-      V    +/-      R    +/-      I    +/-
2451021.95  18.587 0.049  17.979 0.019  17.336 0.010  17.085 0.015  17.175 0.016
2451022.96  18.389 0.064  17.781 0.022  17.176 0.011  16.952 0.024  16.937 0.021
2451024.98  18.291 0.056  17.572 0.029  16.974 0.017  16.740 0.023  16.701 0.026
2451047.85  99.999 9.999  19.972 0.072  18.554 0.042  17.866 0.056  17.419 0.057
2451055.90  99.999 9.999  20.193 0.040  18.879 0.017  18.321 0.024  17.925 0.028
2451074.74  99.999 9.999  20.621 0.055  19.489 0.027  19.176 0.037  18.598 0.085
2451077.84  99.999 9.999  20.663 0.075  19.619 0.046  19.315 0.060  18.839 0.071
2451110.84  99.999 9.999  21.203 0.112  20.540 0.067  20.582 0.101  19.893 0.188
2451136.81  99.999 9.999  21.760 0.133  21.139 0.085  21.654 0.198  20.523 0.175
