# sn97dg.ubvri.snphot.dat
# photometry from Jha et al. 2006, AJ 131, 527
#
#  HJD         U    +/-      B    +/-      V    +/-      R    +/-      I    +/-
2450720.90  16.806 0.047  17.186 0.027  17.095 0.018  16.921 0.024  17.141 0.026
2450722.74  16.919 0.044  17.178 0.021  17.098 0.014  16.927 0.019  17.231 0.023
2450726.83  17.405 0.044  17.364 0.022  17.230 0.013  17.078 0.019  17.392 0.022
2450730.65  17.958 0.049  17.745 0.022  17.387 0.012  17.344 0.017  17.714 0.024
2450747.71  99.999 9.999  19.612 0.132  18.416 0.029  17.910 0.038  17.587 0.039
2450761.79  19.311 0.275  20.406 0.191  19.205 0.047  18.668 0.066  18.406 0.063
2450783.72  20.664 0.144  99.999 9.999  19.786 0.034  19.420 0.046  19.424 0.111
2450810.60  99.999 9.999  21.392 0.192  20.383 0.116  20.227 0.183  99.999 9.999
2450842.61  99.999 9.999  22.062 0.176  21.224 0.127  21.404 0.222  99.999 9.999
