# sn99cc.ubvri.snphot.dat
# photometry from Jha et al. 2006, AJ 131, 527
#
#  HJD         U    +/-      B    +/-      V    +/-      R    +/-      I    +/-
2451312.84  16.702 0.039  16.947 0.017  16.955 0.011  16.818 0.015  16.914 0.022
2451317.90  16.878 0.040  16.907 0.019  16.884 0.013  16.716 0.017  17.128 0.025
2451336.80  19.439 0.136  19.099 0.068  17.935 0.042  17.462 0.051  17.355 0.067
2451339.79  19.718 0.091  19.386 0.042  18.190 0.021  17.640 0.026  17.530 0.037
2451343.79  19.966 0.139  19.659 0.046  18.510 0.023  17.987 0.028  17.809 0.039
2451434.65  99.999 9.999  21.494 0.276  20.843 0.181  99.999 9.999  99.999 9.999
