# sn99ef.ubvri.snphot.dat
# photometry from Jha et al. 2006, AJ 131, 527
#
#  HJD         U    +/-      B    +/-      V    +/-      R    +/-      I    +/-
2451464.81  17.842 0.047  17.720 0.022  17.491 0.015  17.316 0.019  17.909 0.031
2451467.73  18.109 0.041  17.945 0.018  17.627 0.011  17.586 0.016  18.131 0.029
2451469.85  18.301 0.081  18.146 0.020  17.765 0.012  17.742 0.020  18.343 0.080
2451487.74  20.248 0.116  19.955 0.039  18.763 0.024  18.173 0.031  18.174 0.041
2451521.62  99.999 9.999  20.953 0.081  20.032 0.046  19.573 0.074  20.215 0.120
2451546.68  99.999 9.999  21.313 0.258  20.487 0.177  20.464 0.234  99.999 9.999
2451581.62  99.999 9.999  21.798 0.280  20.858 0.177  99.999 9.999  99.999 9.999
