# sn98dx.ubvri.snphot.dat
# photometry from Jha et al. 2006, AJ 131, 527
#
#  HJD         U    +/-      B    +/-      V    +/-      R    +/-      I    +/-
2451072.62  17.269 0.095  17.689 0.057  17.729 0.030  17.578 0.045  17.895 0.062
2451077.64  17.951 0.046  17.999 0.023  17.852 0.014  17.708 0.020  18.046 0.027
2451078.64  18.059 0.046  18.050 0.024  17.865 0.015  17.735 0.022  18.118 0.085
2451083.73  18.904 0.078  18.598 0.021  18.179 0.012  18.158 0.019  18.343 0.036
2451100.62  99.999 9.999  20.642 0.175  19.559 0.093  18.882 0.142  18.808 0.174
2451136.60  22.432 0.242  21.552 0.184  20.751 0.123  20.097 0.181  20.270 0.212
