# sn98dh.ubvri.snphot.dat
# photometry from Jha et al. 2006, AJ 131, 527
#
#  HJD         U    +/-      B    +/-      V    +/-      R    +/-      I    +/-
2451021.94  14.427 0.039  14.745 0.015  14.718 0.007  14.475 0.010  14.453 0.012
2451026.89  13.929 0.038  14.193 0.013  14.138 0.008  13.987 0.011  14.105 0.011
2451045.84  15.743 0.052  15.534 0.036  14.665 0.024  99.999 9.999  14.709 0.047
2451047.84  15.994 0.045  15.753 0.021  14.782 0.009  14.618 0.014  14.580 0.015
2451055.89  16.804 0.042  16.574 0.019  15.235 0.007  14.790 0.011  14.472 0.015
2451069.87  17.455 0.051  17.293 0.023  16.045 0.010  15.634 0.014  15.343 0.016
2451077.76  17.652 0.042  17.407 0.022  16.289 0.010  15.922 0.014  15.739 0.016
2451110.75  18.467 0.059  17.855 0.038  17.128 0.025  17.049 0.036  17.058 0.040
2451136.68  19.097 0.045  18.229 0.017  17.730 0.011  17.847 0.015  17.971 0.032
