# sn00B.ubvri.snphot.dat
# photometry from Jha et al. 2006, AJ 131, 527
#
#  HJD         U    +/-      B    +/-      V    +/-      R    +/-      I    +/-
2451578.83  17.654 0.036  17.333 0.012  16.462 0.007  16.374 0.010  16.632 0.013
2451581.74  18.102 0.043  17.731 0.017  16.603 0.010  16.429 0.014  16.470 0.016
2451590.78  19.055 0.086  18.624 0.024  17.368 0.012  16.793 0.016  16.544 0.019
2451601.65  19.436 0.118  19.145 0.025  17.946 0.014  17.455 0.018  17.268 0.023
2451607.67  19.728 0.123  19.238 0.024  18.141 0.011  17.701 0.016  17.562 0.022
2451640.66  20.254 0.212  19.691 0.042  19.018 0.030  18.789 0.043  18.892 0.066
