# sn00ce.ubvri.snphot.dat
# photometry from Jha et al. 2006, AJ 131, 527
#
#  HJD         U    +/-      B    +/-      V    +/-      R    +/-      I    +/-
2451674.63  17.842 0.083  17.615 0.030  16.835 0.016  16.504 0.022  16.528 0.024
2451675.64  18.156 0.081  17.674 0.028  16.882 0.015  16.564 0.021  16.595 0.029
2451677.66  18.202 0.083  17.837 0.020  17.010 0.012  16.711 0.019  16.739 0.031
2451678.63  18.292 0.126  17.924 0.038  17.067 0.015  16.761 0.022  16.818 0.033
2451679.63  18.525 0.210  18.068 0.050  17.091 0.021  16.804 0.027  16.821 0.036
2451689.66  19.669 0.141  19.169 0.048  17.648 0.026  17.113 0.033  16.787 0.040
